{
 "cells": [
  {
   "cell_type": "code",
   "execution_count": 2,
   "metadata": {},
   "outputs": [],
   "source": [
    "import numpy as np\n",
    "import torch\n",
    "import tensorflow as tf"
   ]
  },
  {
   "cell_type": "code",
   "execution_count": 3,
   "metadata": {},
   "outputs": [
    {
     "data": {
      "text/plain": [
       "array([[ 0.66666667,  0.33333333,  0.66666667],\n",
       "       [-0.66666667,  0.66666667,  0.33333333],\n",
       "       [ 0.33333333,  0.66666667, -0.66666667]])"
      ]
     },
     "execution_count": 3,
     "metadata": {},
     "output_type": "execute_result"
    }
   ],
   "source": [
    "K = np.array([[2/3, 1/3, 2/3], [-2/3, 2/3, 1/3], [1/3, 2/3, -2/3]])\n",
    "K"
   ]
  },
  {
   "cell_type": "code",
   "execution_count": 4,
   "metadata": {},
   "outputs": [
    {
     "data": {
      "text/plain": [
       "tensor([[ 0.6667,  0.3333,  0.6667],\n",
       "        [-0.6667,  0.6667,  0.3333],\n",
       "        [ 0.3333,  0.6667, -0.6667]])"
      ]
     },
     "execution_count": 4,
     "metadata": {},
     "output_type": "execute_result"
    }
   ],
   "source": [
    "K_pt = torch.tensor([[2/3, 1/3, 2/3], [-2/3, 2/3, 1/3], [1/3, 2/3, -2/3]])\n",
    "K_pt"
   ]
  },
  {
   "cell_type": "code",
   "execution_count": 5,
   "metadata": {},
   "outputs": [
    {
     "data": {
      "text/plain": [
       "<tf.Variable 'Variable:0' shape=(3, 3) dtype=float32, numpy=\n",
       "array([[ 0.6666667 ,  0.33333334,  0.6666667 ],\n",
       "       [-0.6666667 ,  0.6666667 ,  0.33333334],\n",
       "       [ 0.33333334,  0.6666667 , -0.6666667 ]], dtype=float32)>"
      ]
     },
     "execution_count": 5,
     "metadata": {},
     "output_type": "execute_result"
    }
   ],
   "source": [
    "K_tf = tf.Variable([[2/3, 1/3, 2/3], [-2/3, 2/3, 1/3], [1/3, 2/3, -2/3]])\n",
    "K_tf"
   ]
  },
  {
   "cell_type": "code",
   "execution_count": 6,
   "metadata": {},
   "outputs": [
    {
     "data": {
      "text/plain": [
       "array([[ 0.66666667, -0.66666667,  0.33333333],\n",
       "       [ 0.33333333,  0.66666667,  0.66666667],\n",
       "       [ 0.66666667,  0.33333333, -0.66666667]])"
      ]
     },
     "execution_count": 6,
     "metadata": {},
     "output_type": "execute_result"
    }
   ],
   "source": [
    "K.T"
   ]
  },
  {
   "cell_type": "code",
   "execution_count": 8,
   "metadata": {},
   "outputs": [
    {
     "data": {
      "text/plain": [
       "array([[1.00000000e+00, 1.54197642e-17, 1.23358114e-17],\n",
       "       [1.54197642e-17, 1.00000000e+00, 2.46716228e-17],\n",
       "       [1.23358114e-17, 2.46716228e-17, 1.00000000e+00]])"
      ]
     },
     "execution_count": 8,
     "metadata": {},
     "output_type": "execute_result"
    }
   ],
   "source": [
    "np.dot(K.T, K)"
   ]
  }
 ],
 "metadata": {
  "kernelspec": {
   "display_name": "Python 3",
   "language": "python",
   "name": "python3"
  },
  "language_info": {
   "codemirror_mode": {
    "name": "ipython",
    "version": 3
   },
   "file_extension": ".py",
   "mimetype": "text/x-python",
   "name": "python",
   "nbconvert_exporter": "python",
   "pygments_lexer": "ipython3",
   "version": "3.11.0"
  }
 },
 "nbformat": 4,
 "nbformat_minor": 2
}
